{
  "profile_id": "sanded_piezo_9_1_2",
  "version": 2,
  "sensor_info": "piezo",
  "sample_rate": 44100,
  "window_seconds": 2.5,
  "interval_seconds": 0.5,
  "created": "2026-07-06",
  "window_count": 6300,
  "statistics": {
    "T001": {
      "std": {
        "count": 6300,
        "mean": 0.004353022367216735,
        "median": 0.003277392126619816,
        "std": 0.003556462537156511,
        "minimum": 0.0010417395969852805,
        "maximum": 0.03393973410129547,
        "p5": 0.0015111270651686937,
        "p95": 0.011048895306885225
      },
      "peak_to_peak": {
        "count": 6300,
        "mean": 0.10704386877635169,
        "median": 0.0577392578125,
        "std": 0.1623184433297452,
        "minimum": 0.013153076171875,
        "maximum": 1.996490478515625,
        "p5": 0.020172119140625,
        "p95": 0.36181640625
      }
    },
    "T002": {
      "rms": {
        "count": 6300,
        "mean": 0.004353024206597299,
        "median": 0.0032773935236036777,
        "std": 0.00355646407435037,
        "minimum": 0.0010417398298159242,
        "maximum": 0.03393973410129547,
        "p5": 0.001511127850972116,
        "p95": 0.011048898333683593
      }
    },
    "T003": {
      "peak_amplitude": {
        "count": 6300,
        "mean": 0.0573681398421999,
        "median": 0.03070068359375,
        "std": 0.08836200460008009,
        "minimum": 0.006683349609375,
        "maximum": 0.999969482421875,
        "p5": 0.01055908203125,
        "p95": 0.19818115234375
      }
    },
    "T004": {
      "clipping_ratio": {
        "count": 6300,
        "mean": 2.8794586617715864e-08,
        "median": 0.0,
        "std": 7.221645584125231e-07,
        "minimum": 0.0,
        "maximum": 1.8140589569160997e-05,
        "p5": 0.0,
        "p95": 0.0
      },
      "clipped_samples": {
        "count": 6300,
        "mean": 0.0031746031746031746,
        "median": 0.0,
        "std": 0.07961864256498065,
        "minimum": 0.0,
        "maximum": 2.0,
        "p5": 0.0,
        "p95": 0.0
      }
    },
    "T005": {
      "crest_factor": {
        "count": 6300,
        "mean": 13.191673907646765,
        "median": 7.918108388981355,
        "std": 11.521713249839737,
        "minimum": 3.721741773037835,
        "maximum": 78.50979199910789,
        "p5": 4.461815338508016,
        "p95": 38.31382309167109
      }
    },
    "T006": {
      "dc_offset": {
        "count": 6300,
        "mean": -1.6621396994571694e-06,
        "median": -1.2640228419513733e-06,
        "std": 4.959438002429335e-06,
        "minimum": -6.622660293942317e-05,
        "maximum": 8.554914529668167e-05,
        "p5": -8.158878245012602e-06,
        "p95": 4.037703934045563e-06
      }
    },
    "T007": {
      "zero_crossing_rate": {
        "count": 6300,
        "mean": 0.15567880182334734,
        "median": 0.13913051365545265,
        "std": 0.07387349376096754,
        "minimum": 0.02094350062132083,
        "maximum": 0.34296002684831606,
        "p5": 0.0526988906928861,
        "p95": 0.2847404511605547
      }
    },
    "F001": {
      "spectral_centroid": {
        "count": 6300,
        "mean": 1599.2696587871442,
        "median": 1240.1768295999918,
        "std": 1060.800540407913,
        "minimum": 199.19145635419133,
        "maximum": 6368.863321118212,
        "p5": 461.8171164101768,
        "p95": 3810.8437811602116
      },
      "spectral_bandwidth": {
        "count": 6300,
        "mean": 3326.009505899532,
        "median": 3216.169456612878,
        "std": 1364.917379027189,
        "minimum": 527.6315964292017,
        "maximum": 7500.762581810865,
        "p5": 1235.6480579674167,
        "p95": 5778.994063196389
      },
      "spectral_rolloff": {
        "count": 6300,
        "mean": 2256.6314285714284,
        "median": 1085.8000000000002,
        "std": 2565.8193564548296,
        "minimum": 104.0,
        "maximum": 17979.2,
        "p5": 415.6,
        "p95": 6116.179999999992
      }
    },
    "F002": {
      "spectral_flatness": {
        "count": 6300,
        "mean": 0.045612873691358836,
        "median": 0.03465757198366505,
        "std": 0.037558503144789465,
        "minimum": 0.001199827178301231,
        "maximum": 0.2383406018663289,
        "p5": 0.0063700248616172924,
        "p95": 0.12452312439312259
      }
    },
    "F003": {
      "band_0_500_ratio": {
        "count": 6300,
        "mean": 0.44553757317575765,
        "median": 0.45049610515995087,
        "std": 0.2851547664093972,
        "minimum": 0.003968289473221933,
        "maximum": 0.9867015314140424,
        "p5": 0.05820571999666098,
        "p95": 0.862059287882814
      },
      "band_500_2000_ratio": {
        "count": 6300,
        "mean": 0.40515587228681227,
        "median": 0.383644227437376,
        "std": 0.261468866242689,
        "minimum": 0.004982681543008679,
        "maximum": 0.9688950618251176,
        "p5": 0.05093419705842405,
        "p95": 0.8536415893585498
      },
      "band_2000_8000_ratio": {
        "count": 6300,
        "mean": 0.10304735095590224,
        "median": 0.043686645685837924,
        "std": 0.15213941514276016,
        "minimum": 0.0016660951347244057,
        "maximum": 0.974167425129765,
        "p5": 0.00619068523811081,
        "p95": 0.45103177588892357
      },
      "band_8000_22050_ratio": {
        "count": 6300,
        "mean": 0.0462575109551923,
        "median": 0.0324556645286842,
        "std": 0.04315733599343009,
        "minimum": 0.0005582989754499171,
        "maximum": 0.30371057579113125,
        "p5": 0.004318712690139641,
        "p95": 0.13853667342739
      }
    },
    "F004": {
      "hum_ratio": {
        "count": 6300,
        "mean": 0.021278572666138067,
        "median": 0.016798978821927584,
        "std": 0.02566496297506338,
        "minimum": 4.11251525841604e-05,
        "maximum": 0.2389239395867842,
        "p5": 0.0005494086462168175,
        "p95": 0.05692272237538015
      },
      "hum_energy": {
        "count": 6300,
        "mean": 1957.7830426825603,
        "median": 329.19509574381243,
        "std": 7486.9651321336205,
        "minimum": 2.3933673131569093,
        "maximum": 162544.19537064392,
        "p5": 7.59292460464225,
        "p95": 7499.519016816469
      }
    },
    "S001": {
      "energy_cv": {
        "count": 6300,
        "mean": 0.31244785981709133,
        "median": 0.27718225378507033,
        "std": 0.17292936817509186,
        "minimum": 0.0,
        "maximum": 1.4339116113366015,
        "p5": 0.09536360433208999,
        "p95": 0.63656415373364
      }
    },
    "S002": {
      "centroid_cv": {
        "count": 6300,
        "mean": 0.32657199966216405,
        "median": 0.31296355604779424,
        "std": 0.15071962774949055,
        "minimum": 0.0,
        "maximum": 1.1995452235541788,
        "p5": 0.12548197662461655,
        "p95": 0.5704722355217089
      }
    },
    "S003": {
      "noise_floor": {
        "count": 6300,
        "mean": 0.0031862076497609017,
        "median": 0.0026477331994101405,
        "std": 0.0018651390233086738,
        "minimum": 0.0,
        "maximum": 0.016241366509348154,
        "p5": 0.0014357687847223134,
        "p95": 0.0075893333123531175
      }
    }
  },
  "feature_index": [
    [
      "F001",
      "spectral_bandwidth"
    ],
    [
      "F001",
      "spectral_centroid"
    ],
    [
      "F001",
      "spectral_rolloff"
    ],
    [
      "F002",
      "spectral_flatness"
    ],
    [
      "F003",
      "band_0_500_ratio"
    ],
    [
      "F003",
      "band_2000_8000_ratio"
    ],
    [
      "F003",
      "band_500_2000_ratio"
    ],
    [
      "F003",
      "band_8000_22050_ratio"
    ],
    [
      "F004",
      "hum_energy"
    ],
    [
      "F004",
      "hum_ratio"
    ],
    [
      "S001",
      "energy_cv"
    ],
    [
      "S002",
      "centroid_cv"
    ],
    [
      "S003",
      "noise_floor"
    ],
    [
      "T001",
      "peak_to_peak"
    ],
    [
      "T001",
      "std"
    ],
    [
      "T002",
      "rms"
    ],
    [
      "T003",
      "peak_amplitude"
    ],
    [
      "T004",
      "clipped_samples"
    ],
    [
      "T004",
      "clipping_ratio"
    ],
    [
      "T005",
      "crest_factor"
    ],
    [
      "T006",
      "dc_offset"
    ],
    [
      "T007",
      "zero_crossing_rate"
    ]
  ],
  "mean_vector": [
    3326.009505899531,
    1599.2696587871408,
    2256.631428571425,
    0.045612873691359,
    0.4455375731757595,
    0.10304735095590219,
    0.40515587228681244,
    0.04625751095519224,
    1957.7830426825494,
    0.02127857266613805,
    0.31244785981709083,
    0.3265719996621636,
    0.0031862076497609017,
    0.10704386877635169,
    0.004353022367216735,
    0.004353024206597299,
    0.0573681398421999,
    0.0031746031746031746,
    2.879458661771587e-08,
    13.191673907646754,
    -1.6621396994571694e-06,
    0.1556788018233479
  ],
  "covariance": [
    [
      1863295.2127153273,
      1127225.9403846902,
      2312936.671350142,
      47.83762864525725,
      -110.40146400086533,
      48.8923151667515,
      6.452443729951136,
      55.054836374880736,
      -3536559.814814221,
      -6.896651742860366,
      -27.707008095883094,
      5.665636055649753,
      -1.3908077066770914,
      -70.29101098362906,
      -3.4435290359413377,
      -3.443530410683909,
      -37.78508308754275,
      -5.565525801112136,
      -5.048095964727579e-05,
      724.9742942690563,
      0.0005215718403575405,
      75.3822600424881
    ],
    [
      1127225.9403846902,
      1125476.4335826726,
      2414646.2141429447,
      34.01577189234939,
      -176.63238295181213,
      113.89899067112204,
      25.403769979649404,
      37.32842475884556,
      -1936942.8943712625,
      -10.195681787424151,
      6.958652010989969,
      21.367540817733655,
      -0.8436942033621819,
      -13.81997908185299,
      -1.7237468899044088,
      -1.7237479215763092,
      -7.589034083968311,
      -1.325350534856736,
      -1.2021320044052043e-05,
      2665.8964798652305,
      0.00035832470128763217,
      60.40091186336693
    ],
    [
      2312936.671350142,
      2414646.2141429447,
      6584474.124581237,
      78.46472034705462,
      -341.4882865942809,
      219.27396255028734,
      34.784393435464274,
      87.42713867243319,
      -2750204.500693064,
      -19.430216129392125,
      30.73448835950814,
      51.37031031950986,
      -1.3817979885787284,
      -18.213816617520468,
      -2.711303592909873,
      -2.711305258138441,
      -9.953969934128764,
      2.0016147687841617,
      1.815523599804235e-05,
      4483.834919784922,
      0.0006168230985175847,
      115.5934268145582
    ],
    [
      47.83762864525725,
      34.01577189234939,
      78.46472034705462,
      0.0014108651053192738,
      -0.004487310368276877,
      0.001678286597627298,
      0.001214953491890081,
      0.0015940177071125067,
      -67.16184349543119,
      -0.0002551464071185423,
      -1.5064482956801328e-05,
      0.0004485102634676574,
      -3.3199343466715015e-05,
      -0.0012021590703093726,
      -7.273821000422326e-05,
      -7.273824262175112e-05,
      -0.0006400677968091866,
      -0.00012246837486203806,
      -1.1108242617871895e-09,
      0.0602681550567622,
      1.3193661043993722e-08,
      0.0021337343413255793
    ],
    [
      -110.40146400086533,
      -176.63238295181213,
      -341.4882865942809,
      -0.004487310368276877,
      0.08132614971865172,
      -0.015868281331732185,
      -0.06094327537492992,
      -0.004514494223827061,
      421.91519682883717,
      0.0043141506037014535,
      -0.010846572602945635,
      -0.005804029799676736,
      0.00017902457037861208,
      -0.011340185654474748,
      0.00019839916067558724,
      0.00019839946342924952,
      -0.006016988364459731,
      0.00044727915444720234,
      4.0569537818340505e-09,
      -1.9112763864393203,
      -1.2172307565315305e-07,
      -0.014717168763839968
    ],
    [
      48.8923151667515,
      113.89899067112204,
      219.27396255028734,
      0.001678286597627298,
      -0.015868281331732185,
      0.023150076255259742,
      -0.008683479958356676,
      0.0014016398948597688,
      -137.1321401970246,
      -0.0009013744861235088,
      0.0006735794696323233,
      0.0026393034591035767,
      -4.14546605264058e-05,
      0.001444266875420182,
      -7.740350895497313e-05,
      -7.74035865604624e-05,
      0.000726587744158439,
      0.00017847740734365633,
      1.6188426969946045e-09,
      0.24245544288028367,
      1.5558021873531175e-08,
      0.0036915921046031075
    ],
    [
      6.452443729951136,
      25.403769979649404,
      34.784393435464274,
      0.001214953491890081,
      -0.06094327537492992,
      -0.008683479958356676,
      0.06837682147796396,
      0.001249941604326885,
      -212.56076449956964,
      -0.003145562391986667,
      0.010237487120367008,
      0.002709526724876181,
      -0.00010039405418243035,
      0.011447205718733878,
      -3.942021544623756e-05,
      -3.9420405457562034e-05,
      0.006115968453099885,
      -0.0004852949522366708,
      -4.4017682742555396e-09,
      1.626035670257466,
      9.138279614583003e-08,
      0.008648412696651949
    ],
    [
      55.054836374880736,
      37.32842475884556,
      87.42713867243319,
      0.0015940177071125067,
      -0.004514494223827061,
      0.0014016398948597688,
      0.001249941604326885,
      0.0018628513407388195,
      -72.21977120938493,
      -0.00026720938521738584,
      -6.449306589126264e-05,
      0.0004551938898180975,
      -3.7174618659046335e-05,
      -0.001551218792704546,
      -8.157252498856193e-05,
      -8.157256012428193e-05,
      -0.0008255312262986426,
      -0.00014045630187514075,
      -1.2739800623595553e-09,
      0.042785292268299184,
      1.478180628946634e-08,
      0.002377089341472274
    ],
    [
      -3536559.814814221,
      -1936942.8943712625,
      -2750204.500693064,
      -67.16184349543119,
      421.91519682883717,
      -137.1321401970246,
      -212.56076449956964,
      -72.21977120938493,
      56063545.86531886,
      41.188997929795654,
      188.6415711308835,
      7.663265715089804,
      5.033115193262706,
      234.9407008951589,
      19.943306279754363,
      19.943316972886127,
      139.37644448354428,
      12.771082764866772,
      0.00011583748539561768,
      -9409.523595401693,
      0.0012472087787913399,
      -185.5971088004531
    ],
    [
      -6.896651742860366,
      -10.195681787424151,
      -19.430216129392125,
      -0.0002551464071185423,
      0.0043141506037014535,
      -0.0009013744861235088,
      -0.003145562391986667,
      -0.00026720938521738584,
      41.188997929795654,
      0.000658794895129651,
      -0.0007519954605958228,
      -0.0007487737277805289,
      9.795081529621232e-06,
      -0.0006340380946464256,
      1.2912983630951553e-05,
      1.2913005000841976e-05,
      -0.0003325735855247793,
      -4.33638376845543e-05,
      -3.933227907896068e-10,
      -0.10780219670359696,
      -6.219286803455006e-09,
      -0.0008437900681316228
    ],
    [
      -27.707008095883094,
      6.958652010989969,
      30.73448835950814,
      -1.5064482956801328e-05,
      -0.010846572602945635,
      0.0006735794696323233,
      0.010237487120367008,
      -6.449306589126264e-05,
      188.6415711308835,
      -0.0007519954605958228,
      0.029909313887577404,
      0.011216512568963636,
      1.453640988117738e-06,
      0.007630908166038134,
      0.0001522279341384236,
      0.00015222794586370545,
      0.004159834514181436,
      0.0004515406159075553,
      4.0956064934925794e-09,
      0.42202074986043736,
      1.2593235692196338e-08,
      0.0008253339892699235
    ],
    [
      5.665636055649753,
      21.367540817733655,
      51.37031031950986,
      0.0004485102634676574,
      -0.005804029799676736,
      0.0026393034591035767,
      0.002709526724876181,
      0.0004551938898180975,
      7.663265715089804,
      -0.0007487737277805289,
      0.011216512568963636,
      0.02272001254014189,
      -7.139244727293057e-06,
      0.003696439997938492,
      2.1655482684418434e-05,
      2.1655439516362126e-05,
      0.0019811999274663263,
      0.0002963200585305641,
      2.6877102814563532e-09,
      0.31698383592742957,
      3.4748258348853567e-09,
      0.0015219028705390624
    ],
    [
      -1.3908077066770914,
      -0.8436942033621819,
      -1.3817979885787284,
      -3.3199343466715015e-05,
      0.00017902457037861208,
      -4.14546605264058e-05,
      -0.00010039405418243035,
      -3.7174618659046335e-05,
      5.033115193262706,
      9.795081529621232e-06,
      1.453640988117738e-06,
      -7.139244727293057e-06,
      3.4792958454506825e-06,
      2.6055973303027306e-05,
      3.821896481704769e-06,
      3.821898624700537e-06,
      1.420551325178902e-05,
      1.1834396199607162e-05,
      1.0734146212795598e-10,
      -0.005464813197024047,
      -5.522162948489856e-10,
      -8.451526511183686e-05
    ],
    [
      -70.29101098362906,
      -13.81997908185299,
      -18.213816617520468,
      -0.0012021590703093726,
      -0.011340185654474748,
      0.001444266875420182,
      0.011447205718733878,
      -0.001551218792704546,
      234.9407008951589,
      -0.0006340380946464256,
      0.007630908166038134,
      0.003696439997938492,
      2.6055973303027306e-05,
      0.02635145981639118,
      0.0002914352148749336,
      0.0002914352380857981,
      0.014263305102564308,
      0.005999195458768899,
      5.4414471281351014e-08,
      1.313573053416422,
      2.0542558888900018e-08,
      -0.000591122590131799
    ],
    [
      -3.4435290359413377,
      -1.7237468899044088,
      -2.711303592909873,
      -7.273821000422326e-05,
      0.00019839916067558724,
      -7.740350895497313e-05,
      -3.942021544623756e-05,
      -8.157252498856193e-05,
      19.943306279754363,
      1.2912983630951553e-05,
      0.0001522279341384236,
      2.1655482684418434e-05,
      3.821896481704769e-06,
      0.0002914352148749336,
      1.2650433783560205e-05,
      1.265043925139005e-05,
      0.0001611620352690546,
      5.288063069762607e-05,
      4.796429088220038e-10,
      -5.553651275296628e-05,
      -8.082374120341568e-10,
      -0.00015729306074793614
    ],
    [
      -3.443530410683909,
      -1.7237479215763092,
      -2.711305258138441,
      -7.273824262175112e-05,
      0.00019839946342924952,
      -7.74035865604624e-05,
      -3.9420405457562034e-05,
      -8.157256012428193e-05,
      19.943316972886127,
      1.2913005000841976e-05,
      0.00015222794586370545,
      2.1655439516362126e-05,
      3.821898624700537e-06,
      0.0002914352380857981,
      1.265043925139005e-05,
      1.2650444719243091e-05,
      0.0001611620498878785,
      5.288063431995217e-05,
      4.796429416775742e-10,
      -5.5544819962532174e-05,
      -8.082429907948621e-10,
      -0.00015729315779341
    ],
    [
      -37.78508308754275,
      -7.589034083968311,
      -9.953969934128764,
      -0.0006400677968091866,
      -0.006016988364459731,
      0.000726587744158439,
      0.006115968453099885,
      -0.0008255312262986426,
      139.37644448354428,
      -0.0003325735855247793,
      0.004159834514181436,
      0.0019811999274663263,
      1.420551325178902e-05,
      0.014263305102564308,
      0.0001611620352690546,
      0.0001611620498878785,
      0.007809083393991225,
      0.002992860271724628,
      2.7146124913602445e-08,
      0.7109432663876692,
      9.053901176439537e-09,
      -0.0003575779881033493
    ],
    [
      -5.565525801112136,
      -1.325350534856736,
      2.0016147687841617,
      -0.00012246837486203806,
      0.00044727915444720234,
      0.00017847740734365633,
      -0.0004852949522366708,
      -0.00014045630187514075,
      12.771082764866772,
      -4.33638376845543e-05,
      0.0004515406159075553,
      0.0002963200585305641,
      1.1834396199607162e-05,
      0.005999195458768899,
      5.288063069762607e-05,
      5.288063431995217e-05,
      0.002992860271724628,
      0.006340134614465557,
      5.7506889927122627e-08,
      0.10933736123988393,
      2.735706012045826e-08,
      -0.00035348499840553386
    ],
    [
      -5.048095964727579e-05,
      -1.2021320044052043e-05,
      1.815523599804235e-05,
      -1.1108242617871895e-09,
      4.0569537818340505e-09,
      1.6188426969946045e-09,
      -4.4017682742555396e-09,
      -1.2739800623595553e-09,
      0.00011583748539561768,
      -3.933227907896068e-10,
      4.0956064934925794e-09,
      2.6877102814563532e-09,
      1.0734146212795598e-10,
      5.4414471281351014e-08,
      4.796429088220038e-10,
      4.796429416775742e-10,
      2.7146124913602445e-08,
      5.7506889927122627e-08,
      5.21604443783264e-13,
      9.917220974139107e-07,
      2.4813659973204846e-13,
      -3.2062131374651523e-09
    ],
    [
      724.9742942690563,
      2665.8964798652305,
      4483.834919784922,
      0.0602681550567622,
      -1.9112763864393203,
      0.24245544288028367,
      1.626035670257466,
      0.042785292268299184,
      -9409.523595401693,
      -0.10780219670359696,
      0.42202074986043736,
      0.31698383592742957,
      -0.005464813197024047,
      1.313573053416422,
      -5.553651275296628e-05,
      -5.5544819962532174e-05,
      0.7109432663876692,
      0.10933736123988393,
      9.917220974139107e-07,
      132.77095096565407,
      3.1500372416144582e-06,
      0.37791413008788405
    ],
    [
      0.0005215718403575405,
      0.00035832470128763217,
      0.0006168230985175847,
      1.3193661043993722e-08,
      -1.2172307565315305e-07,
      1.5558021873531175e-08,
      9.138279614583003e-08,
      1.478180628946634e-08,
      0.0012472087787913399,
      -6.219286803455006e-09,
      1.2593235692196338e-08,
      3.4748258348853567e-09,
      -5.522162948489856e-10,
      2.0542558888900018e-08,
      -8.082374120341568e-10,
      -8.082429907948621e-10,
      9.053901176439537e-09,
      2.735706012045826e-08,
      2.4813659973204846e-13,
      3.1500372416144582e-06,
      2.4599930050741917e-11,
      3.429186897033577e-08
    ],
    [
      75.3822600424881,
      60.40091186336693,
      115.5934268145582,
      0.0021337343413255793,
      -0.014717168763839968,
      0.0036915921046031075,
      0.008648412696651949,
      0.002377089341472274,
      -185.5971088004531,
      -0.0008437900681316228,
      0.0008253339892699235,
      0.0015219028705390624,
      -8.451526511183686e-05,
      -0.000591122590131799,
      -0.00015729306074793614,
      -0.00015729315779341,
      -0.0003575779881033493,
      -0.00035348499840553386,
      -3.2062131374651523e-09,
      0.37791413008788405,
      3.429186897033577e-08,
      0.00545815945496836
    ]
  ]
}